              precision    recall  f1-score   support

           0       0.25      0.14      0.18       366
           1       0.16      0.19      0.18       366
           2       0.17      0.04      0.06       367
           3       0.12      0.32      0.18       367
           4       0.15      0.05      0.08       367
           5       0.20      0.17      0.18       366
           6       0.25      0.29      0.27       367
           7       0.22      0.23      0.22       366

    accuracy                           0.18      2932
   macro avg       0.19      0.18      0.17      2932
weighted avg       0.19      0.18      0.17      2932
